"","1","2","3","4","5","6","7","8","9","10","11","12","13","14","15","16","17","18","19","20"
"Dnig.1LG0000030.1",0.0108542659184226,0.0751967832813195,0.0181596211854049,0.00914570937925775,0.0080748779348494,0.0168809652764762,0.0340383996344432,0.0171205251683412,0.012788247782964,0.0343597158108941,0.455458214402975,0.01497595415028,0.0306313251803585,0.0110826676344048,0.0209338547342817,0.0628402044190163,0.136876044051568,0.0118592018238271,0.0101409330249607,0.00858248920595516
"Dnig.1LG0000040.1",0.0167868156405369,0.00973851214394376,0.00198630695256531,0.00175779720012612,0.00197321602015002,0.098792274079278,0.0151323427618853,0.00293744525381014,0.00178753613266673,0.0202906602906987,0.00361933604886202,0.607662427621566,0.00228781438956548,0.00171635121595135,0.0647897373130954,0.00306442447072051,0.00528476530519776,0.106734782883768,0.032020025846467,0.00163742842914614
"Dnig.1LG0000050.1",0.0125876915540193,0.0844267195141802,0.0224685908743591,0.0103045757782534,0.00834371593915824,0.0195134480563464,0.0432126177911887,0.0219610844627388,0.0152474784924443,0.0364817723202168,0.243261963457624,0.0164623892112484,0.040072486166956,0.0128792814015829,0.0225367266856913,0.09981651923722,0.256557528424734,0.0131926562941494,0.0113519490694659,0.00932080526842343
"Dnig.1LG0000060.1",0.0109074554659153,0.356946092117383,0.00588298560446367,0.00420042919484923,0.00450435570037689,0.0274994803890032,0.0493002660246001,0.00733626819459888,0.00477745388212174,0.307040454061127,0.0312367360426918,0.0283631808797694,0.00791966685252538,0.00441828658163521,0.0658513626868677,0.0130216933987101,0.038012515257604,0.0168256259760047,0.0119921831840377,0.00396350850571532
"Dnig.1LG0000070.1",0.0133420820473464,0.0142814867868759,0.179480797405164,0.0212877204122897,0.00775524590780074,0.0123453463424462,0.0187348118457113,0.30196569418837,0.0836580643154242,0.0108658487354521,0.016006057032065,0.00929550136819889,0.12421406452538,0.0448932120932748,0.0095676411217554,0.0726672524114356,0.0269278285809953,0.00928649835574113,0.00945307704925263,0.0139717694750203
"Dnig.1LG0000100.1",0.00973329748402719,0.537587558484934,0.00491978825718913,0.00323789499191372,0.00303758347347593,0.027729657543054,0.0947999233605274,0.00670693693895602,0.003901746726648,0.132002925794149,0.0192675733724691,0.0216637840930278,0.00674749937318747,0.00351966120218173,0.0428136137006546,0.0120515032458705,0.0443053620439979,0.0134144422887795,0.0096540425557831,0.00290520506917493
"Dnig.1LG0000110.1",0.0606670569282843,0.0294879051214103,0.0865552075736089,0.0398648549912179,0.0228156448482432,0.0414280238049922,0.0457433563927773,0.143973653227905,0.0795274095084481,0.0264082929370182,0.0251177210380343,0.0301860819102469,0.0736995163983903,0.0614273137123922,0.0269585272419871,0.0585925602445044,0.0412099063442284,0.0343401380122573,0.0387308397810782,0.0332659899829759
"Dnig.1LG0000120.1",0.0108234854246518,0.00750071190591063,0.0208881159022016,0.609049780346666,0.0236871909749768,0.00811067526864971,0.00820659832554424,0.0217028061848253,0.0348755039251993,0.00733394695685531,0.00907618852432032,0.00764295545771817,0.0139183757371732,0.0634281456434557,0.00731294484340498,0.0110590401577726,0.0086574126838473,0.0082031624344215,0.00906002909145173,0.109462930210953
"Dnig.1LG0000130.1",0.0157079305717819,0.0126252279771676,0.0215311188202881,0.0675854429527119,0.429346952381027,0.0129911994652834,0.0123745812701332,0.0192345653622271,0.0276300651523129,0.0130187354363303,0.0162274885767432,0.0136000792997381,0.0176183629262823,0.0376666847505371,0.0132251970233308,0.0148332951206144,0.0130575617449816,0.0142847503323985,0.0153989781811717,0.212041782654938
"Dnig.1LG0000140.1",0.0174897223727102,0.0136293791750698,0.018802496464534,0.0544500609834949,0.543161160597758,0.0144851447055802,0.0132194348862765,0.0181479379476229,0.0231587848207319,0.0146222805827953,0.016794182671577,0.0157367388871967,0.0160143266092813,0.0303361225808506,0.015177449655817,0.0142567007754706,0.0133562846960969,0.0165685808338607,0.017873281404852,0.112719929348424
"Dnig.1LG0000170.1",0.00788539512462857,0.00805796703046997,0.109825437267547,0.0550617387169501,0.012780931602104,0.00692343440479212,0.00857477030448391,0.0350739848520442,0.287882008232335,0.00680033182702928,0.0117321612144928,0.00605526934192872,0.0431701266126092,0.307134209142409,0.00619939248832314,0.0216410047070963,0.0116843998251673,0.00612925778023486,0.00638611157920889,0.0410020679461456
"Dnig.1LG0000190.1",0.0115256085334839,0.00689547220887352,0.0015058904264622,0.00144378729758128,0.0017230159058101,0.0350640859152093,0.00890428319889567,0.00217331630456638,0.00138419985562394,0.0152920404861917,0.00285044271975121,0.731850017396834,0.0017004530681188,0.00135665190961425,0.05384145481716,0.00222394662941008,0.00370469920735354,0.0887298734183242,0.0264690722750454,0.00136168842569064
"Dnig.1LG0000210.1",0.0244270635632903,0.0174758286384405,0.0338295803612558,0.287593244332003,0.0706283430702427,0.0188425219586058,0.0182792977930434,0.0363278332849346,0.0483168467480419,0.017804879799494,0.0211634301860819,0.0187075333709474,0.0253035103278415,0.0740609242917969,0.0179772375646949,0.021810517578155,0.0187358405490517,0.0199034888237505,0.0218032370775574,0.187008840680771
"Dnig.1LG0000220.1",0.0187174449782532,0.00809789186605862,0.00199250283926833,0.0019343889600052,0.00226441937543444,0.0507622850539275,0.0112509170751094,0.00293177979177228,0.00184590601791098,0.0163971168299397,0.0034870971520765,0.51671983252057,0.00222231888038139,0.00181193730276671,0.0476998426446827,0.00286967729348507,0.00463313787307532,0.251736197125673,0.0508145682472244,0.00181073817238514
"Dnig.1LG0000280.1",0.00674619513910056,0.00568416131629675,0.0141504326473522,0.0722595990918977,0.0465624227808847,0.00556768086108385,0.00568809890764346,0.011411778124151,0.0205698354902447,0.00554289671869065,0.00771865670797055,0.00551276566521235,0.0103974620284876,0.0325994987887672,0.00544154349004901,0.00805189809110883,0.00639474351473676,0.00574324432564425,0.0061621213765771,0.717794964934101
"Dnig.1LG0000290.1",0.0127515101740662,0.01721887511252,0.00237048415557691,0.00205229840009898,0.002329696829684,0.0645654625661433,0.0209364664909015,0.00337939755619988,0.00209639946974556,0.0520688931747298,0.00535901031683676,0.244216440365501,0.00280952819707777,0.00200866263520395,0.48874694602728,0.00392124965388833,0.00747822503697893,0.0439500765682735,0.0198207971876989,0.00191958008159487
"Dnig.1LG0000300.1",0.0217461226357341,0.00936034090553462,0.00228244890099022,0.00224114357523569,0.00255219697423475,0.0591636406617264,0.0130943747350035,0.00340140868138748,0.00211968524650348,0.0191344636995977,0.00400792402782694,0.500049424577082,0.0025365101968395,0.00208496022748553,0.0553477846086538,0.00329071010915158,0.00533260490136039,0.235042264508953,0.0551411310229307,0.00207085980376858
"Dnig.1LG0000310.1",0.0276828265645014,0.0200338949504597,0.00368015104161103,0.0030792304928252,0.0033820243405804,0.23425668794545,0.0338719837455357,0.00543959994270627,0.0032528544406009,0.0406275102241777,0.00683580269204191,0.323178710400358,0.00432690328000058,0.00308209427393318,0.115298315650862,0.00592581485097688,0.0106393903515805,0.109014314280731,0.0435271816055896,0.00286470892547901
"Dnig.1LG0000320.1",0.0257045756735611,0.0198654877082607,0.0033434495151075,0.00282546342691542,0.00285885511471856,0.371896800293949,0.0376819346159271,0.00516844059400135,0.00295718275707547,0.0418827104507098,0.00630639794386696,0.227835013997564,0.00391301370499674,0.00280345591612213,0.11398632874922,0.00549911067020803,0.0102169787350821,0.0783305026095731,0.0343918228744753,0.00253247464866527
"Dnig.1LG0000330.1",0.154727004325285,0.0236601519292934,0.00858929056699959,0.0068293310415228,0.00655923738661192,0.242631717972671,0.0550719041094468,0.0141593405192445,0.00768043790443341,0.0311309878891376,0.0104652628087147,0.0872541004389855,0.00968028531231962,0.00712940533214059,0.0475936958376706,0.0124610542628665,0.0184827194159136,0.132541877257537,0.117221272913186,0.00613092277601978
"Dnig.1LG0000340.1",0.0145479927696723,0.00263525817572389,0.000884272563923775,0.000882377302256587,0.00100888842031554,0.018060624356217,0.00406840759192432,0.00134317826763665,0.000836278824624757,0.00440820355111183,0.001276441008086,0.033163235593128,0.000956024029258163,0.000824021339612057,0.00916443340489877,0.00118390641648346,0.00174917784987247,0.798499924322588,0.103685867334062,0.00082148687860479
"Dnig.1LG0000360.1",0.0179604824908081,0.196051369279249,0.0102850118029426,0.00794307266323616,0.00954673756269838,0.0392148665328935,0.0534398680657127,0.0121179633826978,0.00856019642335837,0.283896473628755,0.0617767835644784,0.047287143158599,0.0134801689054242,0.00809755778646465,0.103691332958356,0.0205598497541187,0.0485329094337139,0.0288214844881668,0.0209344344965928,0.00780229362173403
"Dnig.1LG0000380.1",0.00736470053185065,0.00794380541428872,0.363970907249959,0.0249060940077381,0.0067694127743393,0.00664763277270297,0.0091385984570257,0.0740713609398789,0.243825124269405,0.00630988437333204,0.0106541544094676,0.00541968798169805,0.0729079114452336,0.0838258860573126,0.00560187045369208,0.0311784820254564,0.0132579012500327,0.00542628685718962,0.00557778070965995,0.0152025180197372
"Dnig.1LG0000390.1",0.00994330567142696,0.023289638503006,0.042542273542275,0.00955462999086323,0.0062887680212173,0.0123740512727327,0.024251827130122,0.0324851891919552,0.0213285235533847,0.0141658714303243,0.0309235120215688,0.00949495547534794,0.146507741279282,0.0151392533788411,0.0109658541256041,0.495246764074765,0.0705399241929452,0.0085803613210401,0.00800376161872249,0.00837379420457601
"Dnig.1LG0000400.1",0.0514996937489935,0.0674342391440627,0.014499181752815,0.00885348304629274,0.00826238681600877,0.149207724775498,0.224473071975888,0.0219075041741828,0.011611739692588,0.0647901544426834,0.0224398187173511,0.0670587521002292,0.0189457902561557,0.0101696387195093,0.0673033148683007,0.0287200046758714,0.0553452057557227,0.0560189429435385,0.0434033000408261,0.00805605235348256
"Dnig.1LG0000450.1",0.0096366134398342,0.523762641418192,0.00791332782702191,0.00464063621521216,0.00432065710487884,0.0203265330591482,0.0579322764472428,0.00955991596514665,0.00596459494918875,0.0653898832378058,0.0537242224697935,0.0170417786466104,0.0118464145409162,0.00527410833578518,0.0284752673519461,0.0235139709736325,0.125223040373144,0.0119089769113105,0.00929826614202349,0.00424687459116768
"Dnig.1LG0000460.1",0.00882196017654718,0.00710186509946696,0.00130497551294362,0.00118233598266591,0.00138379896747865,0.0379115363959251,0.0092812325908335,0.00187414702989133,0.0011766516275827,0.017130949598119,0.00262104226192742,0.758336519056808,0.00150803884265941,0.00113848451371841,0.0783416539224876,0.00202534906369929,0.00355926675695517,0.0474150548056853,0.0167708841182803,0.00111425367632457
"Dnig.1LG0000470.1",0.0150444929768575,0.157998387091984,0.00762575676498343,0.00604764049519969,0.00710038366000306,0.0351784284136562,0.0455494277177803,0.00932041995251034,0.00641076812294051,0.399254267813713,0.0398647841600714,0.0440996906968692,0.00982921290140823,0.0060878149252078,0.111208444233866,0.0149681692382203,0.035419512296951,0.0253190191733365,0.0178299079971085,0.00584347136733349
"Dnig.1LG0000530.1",0.0776165470337377,0.00780873748380647,0.00379607905208495,0.00417771618845206,0.00489503126150279,0.0328106489274528,0.0116271502373668,0.00577644166440924,0.0037492662980021,0.0113726963767086,0.00450475668587909,0.0402568934350181,0.00389539788374294,0.00377733387220401,0.018910133116073,0.00450123420789422,0.00591259159148512,0.119285292789861,0.631391469167737,0.0039345827265825
"Dnig.1LG0000540.1",0.020463745973792,0.167146607715919,0.0213088297934062,0.0142377341109052,0.0111636976793521,0.0343884441454689,0.0710047239487619,0.026368846848405,0.0167328485888844,0.0827954020562233,0.163161840076051,0.0305238377930662,0.0292720121972531,0.0153005683192792,0.0455931417930015,0.0546709499732032,0.141862803598245,0.0229747789917069,0.0190193197047772,0.0120098666922991
"Dnig.1LG0000550.1",0.00615510236836946,0.721773262483013,0.00385387261137594,0.0024688438444349,0.00222895542243613,0.0148741988997562,0.0485401926559669,0.00512873190600991,0.00301160062423107,0.0610289071020346,0.0187428240376073,0.0120274184211638,0.00540353688974069,0.00270552787100369,0.0219196659476669,0.0101662832057724,0.0439105554687821,0.00791912379079975,0.0059503048521763,0.00219109159765937
"Dnig.1LG0000560.1",0.0957203756086486,0.0257000337306641,0.0121228018237516,0.0159809110945783,0.0210275362827703,0.0678787063194465,0.0314174063447676,0.0174620729248646,0.0123537039822474,0.0395006567827677,0.0164803842593568,0.108741558298155,0.0122031935434774,0.0130233448775479,0.0636460907915615,0.014005616975781,0.0184197166008079,0.17320645144487,0.225881947287208,0.0152274910267285
"Dnig.1LG0000580.1",0.0418572301812466,0.0320239367496193,0.00599704820336086,0.00444102012216608,0.00393099425035046,0.450409722826571,0.128835472647255,0.0100606595617877,0.00511866609500512,0.0435135314523545,0.00975711209468703,0.0703249593481428,0.0072073220071003,0.00468146029925873,0.0588432577521396,0.0106587915561888,0.0204280899470596,0.0530573051284666,0.0350244656534639,0.0038289541237765
"Dnig.1LG0000620.1",0.0178079366704247,0.021415853831562,0.149174275092526,0.045177659397898,0.0130194528363326,0.0169023571434522,0.0246960028732574,0.173904737076203,0.116653122705373,0.0166083049154621,0.0278332971593453,0.0135455363039057,0.100683926077993,0.0823770519807993,0.0143326137638504,0.0772774222317364,0.0366005758416332,0.0132403984805677,0.0133262080419859,0.0254232675756921
"Dnig.1LG0000630.1",0.0112264851987451,0.0586436843619021,0.00339591985896425,0.00266259951240126,0.00280003395267042,0.045550056615551,0.0454800611309815,0.00474146465753292,0.00287906853108445,0.457731076863273,0.0102354875515792,0.0511095070618148,0.00425890558813861,0.00270127528160732,0.236573756928105,0.0065242467098754,0.0154805891487988,0.0221520369135053,0.0134087586878678,0.0024449854456024
"Dnig.1LG0000640.1",0.0184132835430265,0.0243830444013991,0.00380360757147113,0.0036214523313554,0.004290815890383,0.0550131783391576,0.024065330427682,0.00532226435986408,0.00344831850772444,0.0758876087832054,0.00907766839096774,0.218596320458441,0.00439368959123102,0.003383902153029,0.435159672453567,0.0059739742118692,0.0108183394456846,0.0605688216097211,0.0303799588291904,0.00339874870103068
"Dnig.1LG0000650.1",0.010876029034183,0.012531635091184,0.139707062393278,0.072557092321314,0.016356663447887,0.00998279732377634,0.0128619472295571,0.0506663600743594,0.220070939986415,0.0103358072579186,0.0196404928650911,0.00874568718552982,0.0648466710416401,0.22400900505246,0.00917540059564981,0.0351307300906583,0.0185828797193803,0.00866145110783295,0.00886449585647378,0.0463968523254115
"Dnig.1LG0000700.1",0.00717657065307978,0.00899241167185872,0.302469748479837,0.0126432019541976,0.00573521734607165,0.00700917579832194,0.0105065019785649,0.0523337306567148,0.0603763848008709,0.00670939973601109,0.0117730572593356,0.00553643155019026,0.378069891427459,0.0295781396070467,0.00582087970678058,0.0570121287278361,0.0172090451535583,0.00544547328757967,0.0054765440299549,0.0101260661747299
"Dnig.1LG0000720.1",0.0142260034741783,0.0251224849030357,0.0610510961087883,0.0128839305911464,0.00688482024436862,0.0164648546389088,0.0331337039213327,0.0791693883414379,0.0306591492922802,0.0161860472824882,0.0259631189002801,0.0117932879992954,0.14005721459307,0.0208518998852164,0.0130431333936362,0.38952284195533,0.071563291308615,0.0109956701389789,0.0104872926590765,0.00994077036853667
"Dnig.1LG0000730.1",0.0119370613235173,0.0318336675177029,0.0474687858258584,0.0120461299129708,0.0084457821608962,0.0152443538844784,0.0293658191769644,0.0340002599575758,0.0251096757506548,0.0189424150514277,0.0506484469132957,0.0121056483921164,0.147126256551712,0.0184853973754606,0.0143166691859504,0.397750400683801,0.0935716101430376,0.010761002211745,0.00993568139852776,0.0109049365823067
"Dnig.1LG0000750.1",0.0236118175532642,0.0410129387043252,0.0675003109405923,0.0722885339196481,0.0605443512573901,0.0255133272288572,0.0321625671066943,0.0462698561192101,0.0651052911230897,0.0346426047454978,0.0988309486898091,0.0252333091474657,0.0685625705106493,0.0715616060026124,0.0289576358705042,0.061481455085444,0.0492753236638132,0.0231316806657691,0.0222633111960512,0.0820505604693128
"Dnig.1LG0000760.1",0.494407513576791,0.0145831471416387,0.00864922854118971,0.00929287686897457,0.00750387883248657,0.0607695646955549,0.0261492546050441,0.0160019499794917,0.00862602503620001,0.0186830206725659,0.00839897821837074,0.0437865711129896,0.00855975971904273,0.00855218371423597,0.0262541246207751,0.0100269403284732,0.0125321294822468,0.0776427694119281,0.132016384538988,0.0075636989030124
"Dnig.1LG0000770.1",0.0429133467931861,0.0384895321120697,0.062243260323087,0.0498326029449829,0.0914849685926422,0.0392715458441553,0.0399490787364723,0.0498497749163883,0.0604388795571396,0.0368193299073932,0.0440549743594124,0.0378905774306107,0.0625419183333374,0.0591914921450916,0.0369215242344964,0.0508700347732483,0.043326769239338,0.0394121382455702,0.0411843251431259,0.0733139263682525
"Dnig.1LG0000780.1",0.0102907792309429,0.0161778473356632,0.116496399430015,0.0151330155107005,0.00913443335559793,0.0109955736218598,0.0171254735595327,0.0416756133993664,0.0460981120869604,0.0115521835181435,0.023695016679199,0.00890402074877375,0.461834693091121,0.0290698457046631,0.00969873804898649,0.109107334425678,0.0322808602573398,0.00848834695626779,0.00830514490709331,0.0139365681320949
"Dnig.1LG0000790.1",0.0535347874764988,0.00711935556333438,0.00238062994017437,0.00233715566823846,0.00243253057589551,0.0658409014411091,0.0121502851073031,0.00379509800233688,0.00224382694847251,0.0115961259076833,0.00332868911055291,0.0757531196304961,0.00256888330842519,0.0021967809218122,0.0230064666966319,0.00323138138428966,0.0048151002841101,0.514967292615184,0.204602682938188,0.00209890647926342
"Dnig.1LG0000820.1",0.00246558143245482,0.00235171622304911,0.0788553650559313,0.0112860830153808,0.00273030256582962,0.00211258778971887,0.00270094523670079,0.0177597874420753,0.76429215041807,0.00194831138489146,0.00310160232067865,0.0017621235321062,0.0167041345179563,0.0682578510869899,0.00178110746683653,0.00744535694461126,0.00362873421205518,0.00180235369091141,0.00188984835994284,0.00712405730380986
"Dnig.1LG0000830.1",0.0141323978133663,0.0149585361740655,0.17246724202228,0.053398856092101,0.0238242660172608,0.0127263458593665,0.0158209997256442,0.0511252580577917,0.199927006423739,0.012502788982875,0.0216823550459545,0.0111332995160969,0.0909328424218832,0.150155316902573,0.0114097780407366,0.0412907835442384,0.0219297147352302,0.0112474046268399,0.0116579950926909,0.0576768129052666
"Dnig.1LG0000840.1",0.0314025210158057,0.107498264988443,0.0156050232547854,0.0155147022243581,0.0172016627130512,0.0562504565520576,0.0586377300202085,0.0198674345417883,0.0140378472346202,0.187328026813272,0.0637862019459468,0.0750850229022312,0.01832010539843,0.0140350324575337,0.131802535087399,0.02574968425444,0.0473668413393274,0.0490964430453601,0.0371318285574525,0.0142826356534889
"Dnig.1LG0000860.1",0.0152281361556148,0.044442645309922,0.0330952952791228,0.0107201791406533,0.00667781457519652,0.0210525561260306,0.0546758977724265,0.0440945362728877,0.0198703983386892,0.024056386261283,0.0391672970797717,0.0148340997386366,0.0657247429464235,0.0150993808072604,0.0176541327486513,0.322376058501606,0.217884509740801,0.0129737065806395,0.0117444803411324,0.00862774628325122
"Dnig.1LG0000930.1",0.00952231640001779,0.0161120491333785,0.00215518751673967,0.00195754823689149,0.00235034525583262,0.0314595931739915,0.0149768277197003,0.0029623588814357,0.00192426056515556,0.0581979298423434,0.00545512011412863,0.107743945728061,0.00254018988071685,0.00186960735386648,0.684366797741098,0.003507265150641,0.00661358287393306,0.0293945598882685,0.0150316477998357,0.00185886674396443
"Dnig.1LG0001020.1",0.026451717861824,0.0443971887157984,0.0536833891449663,0.0164801800799726,0.00933156253779787,0.0322311617348366,0.0744348262466411,0.102833733741565,0.0327697979724109,0.0285338356293891,0.0341230045943893,0.0212088781890804,0.0891193089264467,0.0240588352546766,0.023199152484554,0.21265100733757,0.123555669595724,0.0197169439219459,0.0185728294195244,0.0126469766108876
"Dnig.1LG0001030.1",0.0363309614492129,0.0040879665214008,0.00156130553045114,0.00156380579332962,0.00173574648261415,0.0272293529479021,0.00660291660507983,0.00242054980718901,0.00148824802868072,0.00637225564405364,0.00206192974159252,0.0339972992609039,0.00166513044623412,0.00146549268869896,0.0119387549405307,0.00202776329101058,0.00288557015439566,0.245736883329214,0.607383221159358,0.00144484617814701
"Dnig.1LG0001040.1",0.0244059018197655,0.0318298034768453,0.0866160001905577,0.0184294877358745,0.0107736015449131,0.0262542907421858,0.04707510409436,0.110968348605501,0.0457595279159493,0.022314177722351,0.0290780665574862,0.0183458545189103,0.1647957810421,0.0306201379407974,0.0192175213675761,0.191092299788187,0.0720091424542312,0.0178373396023998,0.0174660450495422,0.0151115678304658
"Dnig.1LG0001080.1",0.0289844649565234,0.0323345716377775,0.00624706301682659,0.00616388391865114,0.00828197219679569,0.0661675784205886,0.0305643033763718,0.00836926360541678,0.0057370095767546,0.081852502448868,0.0143751103262169,0.252027993705212,0.00713635581681692,0.00569030957695824,0.259223459690883,0.00931446236840256,0.0157750308459497,0.101680052109575,0.054027360629027,0.00604725177638441
"Dnig.1LG0001150.1",0.0757015763115555,0.0334787258339939,0.0436974719871094,0.104426917324467,0.0395318664971381,0.0479012310389643,0.0420288555576273,0.0759561286742344,0.0537600598733192,0.0359557508632991,0.0302495079432895,0.0437571570658681,0.035472924514693,0.0639947724594805,0.038702749624079,0.03560973692329,0.0344608801791095,0.0497753012482323,0.0574856188383836,0.0580527672418663
"Dnig.1LG0001190.1",0.0107860609708582,0.0223474097314257,0.0729213166848775,0.0146323615239659,0.00735521152244294,0.0124999971487378,0.0229972499755497,0.055402346250812,0.0347915738325494,0.0143664531616638,0.0342956188489038,0.00978792727679047,0.188395644971006,0.0240917329378248,0.0112071557440922,0.377430666367764,0.0580391883238165,0.00894996407330833,0.00849118007852833,0.0112109405750822
"Dnig.1LG0001200.1",0.013199665779549,0.152750464300072,0.0150795820279903,0.00737956554178069,0.00657315554118686,0.0240721118937664,0.0664324875622683,0.0168144385908307,0.0106120767927888,0.0484558707439625,0.0839790179529091,0.0192174609362708,0.0253194192441506,0.00901134840888129,0.0277152803787806,0.0578818537218324,0.38192766094499,0.0146776775740204,0.0120915919788477,0.00680927008512178
"Dnig.1LG0001210.1",0.160682903653867,0.040080174352615,0.0273997835525102,0.0185312503516173,0.0120497920837754,0.110801725509896,0.105915251594535,0.0647714372080496,0.0240364223698688,0.0394093359760491,0.0215070809899676,0.0536876348740983,0.0294134863109594,0.0210940040909031,0.0435908690982821,0.0380100848074954,0.0456287985948248,0.0625796817008124,0.0665236455878603,0.014286637292014
"Dnig.1LG0001220.1",0.00793005362541721,0.0543961225513827,0.0030607227566598,0.00250618324437598,0.00287140631385799,0.0222279372246099,0.0236468065801691,0.00397511859295954,0.00261379232114652,0.659982722180386,0.0118503311579994,0.0310203559909328,0.0038410139954541,0.00249001275826577,0.121242746948289,0.00575960799208057,0.013184785716799,0.0151711184363892,0.00985359292155249,0.00237556869127284
"Dnig.1LG0001230.1",0.0217722354396479,0.0238335665978058,0.100375892295815,0.0343729003565289,0.0114534134796662,0.0204237005929137,0.0310202587504432,0.293528678491748,0.0762894100410419,0.0184284820890742,0.0258191042341881,0.0154464673063454,0.0827994728202024,0.0551171703452792,0.0160749162415478,0.0806687830088773,0.0418307269990206,0.0152330509420485,0.0153583418767353,0.0201534280910703
"Dnig.1LG0001260.1",0.0140576740859045,0.0747099609148377,0.0287671553627629,0.0124227880392653,0.010491164133536,0.0208766274429753,0.0424191836077835,0.0253481469865355,0.0190835089489699,0.0365158373305183,0.251842821375556,0.0178939344402995,0.0541209012563457,0.0159652176957764,0.0238095253001481,0.122134033675572,0.190488926008004,0.0146299468439877,0.012761753136415,0.0116608934148073
"Dnig.1LG0001270.1",0.0132932207428298,0.00108779070453777,0.000455708105040922,0.000472239043171593,0.000511447328223504,0.00643066256460131,0.00175389246033291,0.000718104457436231,0.000440231589975455,0.0016436792277238,0.000571493687212424,0.00735229816225009,0.000477849865591821,0.000436534306645173,0.00291648550989126,0.000573846682752558,0.000793557816411146,0.0350087563456196,0.924630826867272,0.00043137453248083
"Dnig.1LG0001280.1",0.0131311856459572,0.0275422445764846,0.0717416723376171,0.0148450688270532,0.0101582803764277,0.0156098165137171,0.0272842377570729,0.0416714225768585,0.0348637059190992,0.0179013585036853,0.041801044528533,0.012488551215668,0.268508041525881,0.0245004963279774,0.0142277671605249,0.261992021971534,0.0657565011480356,0.0114430739932052,0.0108174920405959,0.013716017054073
"Dnig.1LG0001300.1",0.00934967752389437,0.0116831883170601,0.328135715838511,0.0310410481070505,0.00933141967692736,0.00890625191637631,0.0126457265577783,0.0714787173208487,0.168271693695943,0.00904473846688678,0.017359902918211,0.00737428870698119,0.117897766138854,0.0850994045920331,0.00782265378745781,0.0498952125488815,0.0200231637443528,0.00722116546330113,0.00729101188806596,0.0201272527905854
"Dnig.1LG0001310.1",0.0382529308135687,0.112263635951941,0.0231852675531208,0.0134075674775205,0.0151219019590423,0.0738208998041174,0.112234864800254,0.0269360585087052,0.0179438726434883,0.0901286847190962,0.0515741190458206,0.0604680884333161,0.0329415957507903,0.0157422480524435,0.0751882213452548,0.0487078537037983,0.0922635828527764,0.0477954065001006,0.0385361711701499,0.0134870289146954
"Dnig.1LG0001330.1",0.218159031814103,0.0320714072953092,0.018383439859105,0.0132615009484461,0.011334432051442,0.132265509632604,0.0744756785007801,0.032605851786197,0.0163488931115791,0.0353765968688176,0.016676410322594,0.0644406839139179,0.0202177229224571,0.0147251653631331,0.0447775062837813,0.0246637101474176,0.031270050053189,0.08781283841843,0.0995114456474254,0.0116221250592724
"Dnig.1LG0001350.1",0.0481722299002609,0.0117182612527662,0.00400214263921261,0.00434981100628579,0.00518444991036652,0.0533452965737816,0.0160131249752972,0.00596367458320514,0.00385861037988536,0.0203430348997308,0.00605086351482431,0.126930112193444,0.00425801968526438,0.00388418624139477,0.0422112395983878,0.00521422155842291,0.00760990225086811,0.396737746323418,0.230092363987987,0.00406070852519725
"Dnig.1LG0001360.1",0.0414303217152297,0.0458319536603705,0.00880059217981082,0.00908671501844638,0.00970282378312302,0.0897468562418958,0.0470784815145377,0.0128570069782745,0.00816227555490549,0.106982159559694,0.0197470839727884,0.176991132474929,0.00984677877988927,0.00814438604750642,0.205858640701479,0.0132826032336755,0.0228832489951542,0.0958711510926864,0.0595868563928676,0.00810893210273621
"Dnig.1LG0001380.1",0.008297243810526,0.00674382898121529,0.00124824473743411,0.00115393245802577,0.0013550373004741,0.0321067688273062,0.00848923944180532,0.00179153351690068,0.00113118140234238,0.0166922903347665,0.00253810684297897,0.768355425180565,0.00143497095683705,0.00109986688192272,0.080667026412128,0.00192179487515025,0.00336002765274152,0.044520972636314,0.0160070825215926,0.00108542522897308
"Dnig.1LG0001400.1",0.00553041789924311,0.00453591149123049,0.0126019086369157,0.0531728858061395,0.0352286627639951,0.00450780523589023,0.00462120945800753,0.00971708321732169,0.0188019370479659,0.00438506901804806,0.00606941419119046,0.00440442679711607,0.00902866190908336,0.0298786142097172,0.00431671636866082,0.00673479258139836,0.00520405055389106,0.00462343250571198,0.00499029314245074,0.771646707166023
"Dnig.1LG0001460.1",0.0204256228888665,0.0942182265300757,0.0100770020865467,0.00598278861967378,0.00459116464484452,0.0500869878564995,0.476905697479191,0.01656983174302,0.00781318412368638,0.0545675916102248,0.0214939591891449,0.0277095060112463,0.0137044811934894,0.00680748882571198,0.0368892395175912,0.0261744478597473,0.0838476254077413,0.020797812191662,0.0163840465965105,0.00495329562452646
"Dnig.1LG0001470.1",0.0272567725877874,0.0047188962063952,0.00162075117412279,0.00167082444836618,0.00188386915863778,0.0296350874105376,0.00715636997050475,0.00248323616987642,0.00154624588717261,0.00791521932821737,0.00233129622095779,0.0552911759484283,0.00173548590422268,0.00153465205507224,0.0162294646028796,0.00214236427674234,0.00314053926965651,0.624984142397716,0.205183821065913,0.0015397859167939
"Dnig.1LG0001480.1",0.101728078707261,0.018776711253692,0.0057300696768284,0.00463872516843294,0.00423813961099746,0.433127759279825,0.0489607988700878,0.00977643328525577,0.00511224535643435,0.0260195431558096,0.007580080032593,0.0779403306537276,0.00648714367103374,0.00476376055871793,0.0412888667184712,0.00868438333146127,0.0137389094973542,0.102434334487089,0.0749337319439451,0.00403995474098342
"Dnig.1LG0001490.1",0.169047632903364,0.0111086707851618,0.00612327928604038,0.0068169485078065,0.00746827600177755,0.0447085978463231,0.0171508837337827,0.00961249942186093,0.00612102395286603,0.0153634547876441,0.00660520591605293,0.0464874803495611,0.00616542570438032,0.00617096591794813,0.0239710864656934,0.00700576172001369,0.00886738030005967,0.116376862632431,0.478537364926916,0.00629119884031644
"Dnig.1LG0001500.1",0.0127844923782849,0.00942109968275189,0.00183248560350703,0.00165875128190942,0.00197108485493689,0.0514200934959754,0.0124604914992976,0.00262019087536669,0.0016546018188203,0.0215034835528698,0.00358492437209512,0.682228586594551,0.00211362137914284,0.00160069192519591,0.0839383474597229,0.00281425140843191,0.00486685983813015,0.0744927433779959,0.0254590261514639,0.00157417244955052
"Dnig.1LG0001510.1",0.64126404655883,0.00846082216979669,0.00452579260436433,0.00423156007855308,0.00384227951215591,0.0477136843439869,0.0164112126700043,0.00789536723094715,0.00433261178502262,0.0108928829454371,0.00454678326213181,0.0293811312643877,0.00468371728023086,0.00416589487821393,0.0160305290900892,0.00555421387211649,0.00717440482238029,0.0609417888624895,0.114269855216433,0.00368142155242978
"Dnig.1LG0001540.1",0.134346727869336,0.0348585493668597,0.0252169402106388,0.0219837656906019,0.0270284966394286,0.0848948262294417,0.0517234172254231,0.0344657543049496,0.0240485649975582,0.0407691479893723,0.023025861711683,0.0745925865709297,0.0263172664591673,0.0230003696399625,0.052889317601278,0.0279775758120701,0.0320822759758413,0.104773729284989,0.133353249610493,0.0226515768099771
"Dnig.1LG0001550.1",0.0131583211888352,0.0485212023388222,0.0398945757262422,0.0138574341408828,0.0092251763097791,0.0178345471552781,0.0367165344242384,0.0347695237443448,0.0241116698487788,0.0261138781975867,0.111130245760174,0.0145243390869354,0.0846741160792637,0.0191364775431488,0.018202232686224,0.289648397097801,0.163090447321757,0.0123992305908706,0.011171598641929,0.0118200521171082
"Dnig.1LG0001560.1",0.006551013008005,0.0148800077451258,0.0336083252599887,0.00729312060142958,0.00402797896253242,0.00792384374365671,0.0156910467593575,0.0292000327457032,0.0165330294598549,0.00911412892433472,0.0207581327947564,0.0060573002883882,0.0984821688067245,0.0116137686003525,0.00700140399306294,0.649089825355232,0.0457570003235242,0.00548291912717397,0.00514350490429175,0.00579144859650515
"Dnig.1LG0001570.1",0.114399752058628,0.0378650746107951,0.0470580929733046,0.0261052319699871,0.0163618457913626,0.0735023583308892,0.079060043410547,0.110728545645854,0.040523898451214,0.034802260271472,0.0247168283810596,0.0436274757740325,0.0485001738840025,0.0335141026421806,0.0369246772376178,0.0537077933596327,0.049924983047555,0.0510192698749043,0.0569380424863172,0.020719549798644
"Dnig.1LG0001580.1",0.0122662405877889,0.142985548864896,0.015968228269485,0.00830465283727687,0.00694812629798326,0.0210346764279293,0.0520113088841264,0.0175986603928434,0.0114126213165337,0.0468659535214056,0.180122920833231,0.017666075827693,0.0259493149921123,0.00987123187073275,0.0258450404630666,0.0600157716485306,0.312933275536139,0.0135146522986419,0.0112539392069381,0.00743175992264558
"Dnig.1LG0001590.1",0.02470768820689,0.152374083635142,0.0190599449792942,0.0113354461203255,0.00807557986612554,0.0464053041477354,0.158276849890783,0.0295692985330064,0.0146114286177278,0.0739331188281177,0.0532165800774433,0.0325821852002514,0.0263056288851147,0.0128081768372461,0.0451024053720589,0.0542144295512481,0.182793767011681,0.02498803594287,0.0205361604092469,0.00910388788769248
"Dnig.1LG0001620.1",0.0180144684558072,0.0898901924397703,0.0207913484599327,0.00876665361198499,0.00713233944931177,0.0312136070044473,0.100228763313871,0.0254312177215571,0.0139791720859866,0.0406292495036967,0.0459980687787249,0.0217330715731965,0.036596371544376,0.011349888120153,0.0277640801681799,0.0916465402228337,0.368122489740775,0.017753537671287,0.0151086160295186,0.00785032410458965
"Dnig.1LG0001630.1",0.00619448260107043,0.00516695239491022,0.0074741977664705,0.0155985836635121,0.838728660557534,0.00530937167157158,0.00495897545177474,0.00662104655157254,0.00885392355198663,0.0054138183473059,0.00653607199358364,0.00570808944853426,0.00654464236093768,0.0110237796964238,0.00555840895167038,0.00564683529498076,0.00517423643752027,0.00596109691359818,0.00636056832123018,0.0371662580238118
"Dnig.1LG0001650.1",0.0093499728222999,0.560751408590115,0.0073652968582704,0.00444818957783802,0.00429579238420767,0.019996094310599,0.0521448934902093,0.00879880574546445,0.00561288135529643,0.0722122726639195,0.0522226446672054,0.0173636400731579,0.0108759298144029,0.00500119579426368,0.0299446207712936,0.0207036917739039,0.0936250327535686,0.0119338651397609,0.00923037153187424,0.00412339988234967
"Dnig.1LG0001660.1",0.012938388627088,0.0219333229005496,0.0753770789166038,0.0128060268334348,0.00765302783675939,0.0146512405464154,0.0265004529012621,0.0565881283061668,0.0336787861915512,0.0146061545801981,0.0253733134388412,0.0109567830088122,0.278976190720442,0.0220821576557197,0.0120096568717073,0.287803704211924,0.0549370414496856,0.0103218920006647,0.00993063497921118,0.0108760180229628
"Dnig.1LG0001690.1",0.175063300454337,0.0383948357678067,0.0197724941328403,0.0140107300655509,0.00996729696410427,0.14623921853815,0.11347867340605,0.0420746003883752,0.0173194582294166,0.0400251040205902,0.0185145016966243,0.0600453304641142,0.0218246252641355,0.015457330247733,0.0465284020906761,0.0291521549472691,0.0392149541442747,0.0703417504116488,0.0714220288144797,0.011153209951824
"Dnig.1LG0001700.1",0.0160665826944782,0.0334503410132748,0.00429115155082357,0.00397252723542126,0.00491550741473879,0.0442473498898841,0.0262016443301713,0.00574388431144109,0.00383827650078795,0.128403333314721,0.0119827144268366,0.114924210676273,0.00506552778739386,0.00375349052303676,0.50191109231351,0.00698541968928905,0.0131903378635606,0.0428516029664715,0.024397105120005,0.00380790037788126
"Dnig.1LG0001830.1",0.0213471674443649,0.0207717856295699,0.0208955548108143,0.0388471839127214,0.523111004783431,0.0200239511126858,0.0183842600286173,0.0196823765502046,0.0230937812645777,0.0228266838010784,0.0267840241293624,0.0230848794144599,0.0197154368347514,0.0275009597991094,0.0233494330350505,0.0186682869874846,0.0189546186729527,0.0230471547042829,0.0235700456776338,0.0663414114068471
"Dnig.1LG0001850.1",0.156666474995719,0.0284962344912094,0.033366723555647,0.042784767699139,0.0410483925605592,0.0606332473135983,0.0406704561187725,0.0502654378708969,0.0371838756112016,0.0323849247197196,0.0220326075336451,0.0543796878291127,0.0294980964160771,0.038915263493273,0.0399484649012229,0.0283446122752973,0.0283030080212419,0.0780930874479199,0.116396225888427,0.0405884112573205
"Dnig.1LG0001860.1",0.0422946118536763,0.0824769245053773,0.0108580173085434,0.00890815039940446,0.00750484218320976,0.130982163049334,0.139942489436532,0.0177063599415523,0.00941458593133019,0.126757374791897,0.0236634342324897,0.0896981311207129,0.0129135606995015,0.0088591514908457,0.122025797184735,0.0198202309367594,0.0413773369023142,0.0573977003492206,0.0399988115918452,0.00740032609071948
"Dnig.1LG0001880.1",0.0230850790647174,0.104723126245526,0.00676680813303592,0.00476759989742271,0.00464020209653502,0.11571559796974,0.211390433449641,0.00988604078904545,0.00557103407373773,0.16819057231634,0.0170221051716918,0.0691636494332676,0.00873104477085079,0.00507889971094859,0.129983457053671,0.0139735905801812,0.0356708297739101,0.0373859415136288,0.0239549045844493,0.00429908337165966
"Dnig.1LG0001890.1",0.0574908042110774,0.013104994054506,0.00352165553711145,0.00309435849425937,0.00304299253681915,0.406725806945601,0.0272488757814477,0.00572088771519886,0.00319769762731722,0.0214461453438367,0.00523603388624016,0.125637189942954,0.0039533792169688,0.0030478669376549,0.042752172421327,0.00524592579258144,0.00848912034792386,0.17976882836393,0.0785321210494945,0.00274314379375112
"Dnig.1LG0001920.1",0.167869922055114,0.0113660109373104,0.0051832461459716,0.00495708237372869,0.00530874614150854,0.0670208333197023,0.0196458326251793,0.0081797176857972,0.00493539685513856,0.015937498848535,0.00599286637502508,0.0566563656946386,0.00548380204067663,0.00479841674077019,0.0261350592701449,0.00652222906954796,0.00880486182277752,0.164384381697188,0.406233238813179,0.00458449148806663
"Dnig.1LG0001930.1",0.0752907028828417,0.0115670973651369,0.0035382479534708,0.00324977050950718,0.00326996920984423,0.184479097106863,0.0220716615792931,0.005719072226463,0.00326762056685694,0.018636538138412,0.00501603963788363,0.117149159919187,0.00389607738314324,0.00314714884193546,0.0367686674567109,0.0050249247437082,0.00775714878989756,0.345655605055366,0.141596275409834,0.0028991752236467
"Dnig.1LG0001940.1",0.0216620412531569,0.0649280342619149,0.00613095036475303,0.00409815452794183,0.00365891069475568,0.104226595843029,0.486774193618248,0.00958131180661252,0.00498554636861372,0.068888322174475,0.0128950412502936,0.0435161239636329,0.00793341041738695,0.00447107394522472,0.0590256408346478,0.0130265212431714,0.0328551881917421,0.0282655945537953,0.0194938569677297,0.00358348771887482
"Dnig.1LG0001970.1",0.0378673367155789,0.0662439133777353,0.0330469432286212,0.0144797802871552,0.00924795096992441,0.0551314765949589,0.176530550007796,0.0657267110695082,0.023384200387591,0.042778331909383,0.0340062475345174,0.0317326449438101,0.0473867337058921,0.0187236433798998,0.0348495169769656,0.0973212472442444,0.145673449047788,0.028628477332426,0.0258554604702247,0.0113853848159803
"Dnig.1LG0001980.1",0.0186916498458251,0.191829957308323,0.0111666560866876,0.00891805885855274,0.0105030725049718,0.038922812650775,0.0528966391464304,0.0131794901625351,0.00937127204770802,0.267476929675868,0.074013663768847,0.0471294743784602,0.01446309218481,0.00894037034009392,0.100243936357236,0.0220092335104025,0.050738192873019,0.0292701305215403,0.0215729136289516,0.0086624541489624
"Dnig.1LG0002000.1",0.0828241850673,0.033415268262862,0.00899342245839871,0.00666250651123587,0.00553896130503405,0.348707197785706,0.126247443438044,0.0161753574831842,0.00776329247091157,0.0408325012456596,0.0121857073787887,0.0711267316005277,0.010507253230814,0.00707121043047394,0.0531257719396037,0.0150454064521307,0.0256568706037236,0.0692084965439058,0.0533061245679046,0.00560629122379092
