"","1","2","3","4","5","6","7","8","9","10","11","12","13","14","15","16","17","18","19","20"
"Dnig.1LG0000030.1",0.0113249391371717,0.0677147545788403,0.0235983821511167,0.0485677612994309,0.0967774744605632,0.0212939765822194,0.103350604003868,0.0396410299818884,0.0275912141078899,0.0293003358524248,0.01402634851154,0.0182281029900431,0.0321839311976989,0.252345299412097,0.088068707157092,0.0345180867800602,0.0205931310974178,0.0123855117561748,0.0203727741708209,0.0381176347716424
"Dnig.1LG0000040.1",0.00104198229078245,0.00144561207071412,0.174215046404812,0.0270610012296106,0.0084131954828787,0.00108854385700936,0.00260763946534744,0.00122236235354322,0.00100186200018718,0.643067373749367,0.000915896613920973,0.0150464984744938,0.0275242202592234,0.00254602371106714,0.00602587751536615,0.0011506105386268,0.0382564578502878,0.00175093630056273,0.000903957516232853,0.0447149023159656
"Dnig.1LG0000050.1",0.0131159468408705,0.0641983956092288,0.0237377168167293,0.0447998155909421,0.0796591690177895,0.016172526410705,0.0686370791349416,0.0340858118452027,0.0268079577162297,0.0288415926847926,0.01360593377993,0.0186354300533233,0.0304364963884994,0.323272127905955,0.0769483047163034,0.0471676661054122,0.0210749554212426,0.0143168887304387,0.0184918654713836,0.0359943197600804
"Dnig.1LG0000060.1",0.0138497134607861,0.039343467316263,0.0115033245688107,0.013333144969615,0.0138713840166335,0.410115123464441,0.0309199593316848,0.078475034858018,0.07767890886751,0.011459881100003,0.0390979652798937,0.0126202765311209,0.0144584390089162,0.0203712621486541,0.0169675636428935,0.0320670578068296,0.0118326752763809,0.0116606451044936,0.128768199004847,0.0116059742422052
"Dnig.1LG0000070.1",0.00250625517061098,0.0527017555712663,0.00261546813260192,0.00350863579130313,0.0038273065872997,0.01091919944604,0.0152851743821554,0.761336054210783,0.0624425166325835,0.00268946305051223,0.00485198737543496,0.00273148670783713,0.00361161691257639,0.00912716726378202,0.00566468630445043,0.0292732389506359,0.002648332584282,0.00217757834345009,0.0192961314621034,0.00278594512029169
"Dnig.1LG0000100.1",0.0049194755577862,0.0133601000332231,0.0582013705029677,0.12342615670999,0.0406785571746561,0.00721634527978782,0.0338275474733443,0.0106744509357494,0.00773647685054797,0.059313195331751,0.00519229525554716,0.0455354341492577,0.332425696077722,0.0232365310429888,0.109583849894159,0.00931070173051625,0.0559081088121174,0.00679215520179781,0.00634146170019078,0.0463200902858994
"Dnig.1LG0000110.1",0.0191748092374816,0.0982201023892529,0.0275371186088347,0.0324167561663762,0.0285733087288179,0.0426251704297984,0.0904258021897503,0.120786746986593,0.0854777723798775,0.0260933041514571,0.028153175010867,0.0334270683426924,0.0404229221997458,0.0501082544431684,0.0493660502606064,0.097973549811146,0.0301689515827176,0.0188862790200245,0.055717256872917,0.0244456011878753
"Dnig.1LG0000120.1",0.0184877342395394,0.0395889022824434,0.0107947495235222,0.0127549265185503,0.0145414665033223,0.313144748225583,0.0263693634159136,0.0663829681188443,0.0909278266918058,0.01107804753728,0.0626717004209489,0.0111632367243992,0.0127629954359269,0.021952117466297,0.0157577399354302,0.0370588701162584,0.0107956930824212,0.013770074458249,0.198326566719385,0.0116702725838805
"Dnig.1LG0000130.1",0.458201008996458,0.0158212754923096,0.0132238055873145,0.0122057278825992,0.0129282239428618,0.0353796639167821,0.0135175515280359,0.0184468305496152,0.0240535927106242,0.0128395081263596,0.179004843738097,0.0145160592754134,0.0126372890128041,0.0137683078599515,0.0118595457447558,0.0198149503460925,0.0136331591443828,0.0712660477033483,0.0340296393819816,0.0128529690602124
"Dnig.1LG0000140.1",0.592608055926553,0.0102975970552866,0.0122109388327764,0.0106225750068169,0.0112807675771419,0.0183616585381338,0.00968202170353441,0.0110630012031183,0.0130813192738652,0.0118996599817152,0.0479119194628313,0.0129126239280865,0.0107233917256747,0.0103794766731998,0.00945273667000572,0.0120118863308375,0.0123877447962467,0.154855360112337,0.0162925129325424,0.0119647522692971
"Dnig.1LG0000170.1",0.0144895557950932,0.0387436663396875,0.00730013600917318,0.00842235502669886,0.00906752893196321,0.0471395736346828,0.0190148906155043,0.0758209792989877,0.293707008975046,0.00728249860007978,0.0383466085690683,0.00799088348503437,0.00883481233768415,0.0161266415060179,0.0110588792157089,0.0751169216191097,0.00754036482531297,0.00992131970459953,0.296681528782334,0.00739384672821407
"Dnig.1LG0000190.1",0.000900635970640937,0.00108730962927846,0.764039746003977,0.0116525759848034,0.00473403804780963,0.000911055758199074,0.00187567004946242,0.000955768247824143,0.000797793626335263,0.0676703618799036,0.000779435543900152,0.0216899620846759,0.0175623758672848,0.00174715653977407,0.00372900966992614,0.000888776752484559,0.0793828737712948,0.00158346504278785,0.000739440623250018,0.0172725489063877
"Dnig.1LG0000210.1",0.0275145220194614,0.0633206319881621,0.0153878112943493,0.0170495423329101,0.017272303122732,0.0555095524725201,0.0359938065976118,0.10168028625868,0.184830860179698,0.0149580546730614,0.0534986489413796,0.0176781986923915,0.0187857271343398,0.0295094871587196,0.0222438215680534,0.132011203390161,0.0163035822872414,0.0201011120036765,0.141637699398266,0.0147131484865851
"Dnig.1LG0000220.1",0.000959541081699524,0.00112351776226712,0.138662816964334,0.00875075318363576,0.00381893241529342,0.000976330233482652,0.00191082393768459,0.00101184856635326,0.000848185326663243,0.0261446092746353,0.000836909436869595,0.061790383286029,0.0180929507286345,0.00168447529780832,0.0035069405159282,0.000934466877447284,0.716306580252173,0.00168915425399205,0.000791891088661626,0.0101588895164073
"Dnig.1LG0000280.1",0.160592895798715,0.0422688129774327,0.0216765825542867,0.0222707389538115,0.024427542408706,0.0528953223875678,0.0298786615015683,0.0476636192598256,0.0709476537536577,0.0215246223749199,0.143838027029485,0.0232177272584677,0.0224595389194567,0.0326854947663594,0.024332683827129,0.0697551717565177,0.0222024006713417,0.0632003684352046,0.0822623531804995,0.021899782185047
"Dnig.1LG0000290.1",0.00124607617878185,0.00188923002545776,0.0633724832451627,0.0582063148658319,0.0149883978972937,0.00133782925762159,0.00349934498822553,0.00155451250385426,0.00126006077992985,0.629641217490745,0.00111067583831773,0.0122062634705541,0.0300055471004572,0.00359389370262448,0.00898416154044169,0.00146901280927941,0.0245737195581348,0.00202931332333407,0.00112059531450212,0.13791135010945
"Dnig.1LG0000300.1",0.00171113667227086,0.00210789363396941,0.17457071877054,0.0163968479815046,0.00698221719705075,0.00186298143473186,0.003672462707175,0.00191284259830629,0.00158690161684609,0.0433044186990577,0.0015467537565336,0.119667551606904,0.0386703286167801,0.00311905611834437,0.00667537665412623,0.00172327593389375,0.552323949573761,0.0029359400222125,0.00148514141430108,0.0177442049916914
"Dnig.1LG0000310.1",0.0015749598472088,0.00236103459807176,0.0499647474738886,0.0655864785241567,0.0222493731719227,0.00171631706245297,0.00433934518702976,0.00194320772158439,0.00157825693009802,0.269564074892216,0.0014137016936559,0.0123241912694696,0.0274327621913584,0.00456976860574959,0.010792202857189,0.00181566978545624,0.0224065789148115,0.00255576956086656,0.00141458844189775,0.494396971270916
"Dnig.1LG0000320.1",0.00245952123096067,0.00402801339825327,0.20574628033636,0.0919798184820167,0.021052336182082,0.00293410802790307,0.00792130210662269,0.00340947927958497,0.00270613669541222,0.220956547689087,0.00231792156127709,0.041807718881445,0.194441642972287,0.00698616333401022,0.0195799618198115,0.00307792284102013,0.0939902346313269,0.00389902846327699,0.00241099283697232,0.0682948692302896
"Dnig.1LG0000330.1",0.00613331922133249,0.0105512462891953,0.120536572647723,0.0753685517636284,0.0311510553759196,0.00911949180430422,0.0213535395233886,0.00966431451032469,0.00750972688944487,0.088988545217211,0.00646769466410339,0.113929879223934,0.2349325701704,0.015188707888291,0.0379772783273679,0.0078335617889399,0.131643015855043,0.00922284897818219,0.00691778447036652,0.0555102953909003
"Dnig.1LG0000340.1",0.0017082909071273,0.00189529367551084,0.177102650754556,0.0136264980543096,0.00629003407566421,0.00168921732589466,0.00316162574250634,0.00171747593819855,0.00145180147962831,0.0402883535811602,0.00146813921525098,0.106816474106065,0.0260301885873323,0.00281082514688763,0.00564676873707717,0.00159170848102876,0.58570570538293,0.0030682375016406,0.00136562229357023,0.0165650890136609
"Dnig.1LG0000360.1",0.00870881309077114,0.0269665948772832,0.0589834201544994,0.107343931684855,0.0567216956684849,0.011571723949342,0.0611456800468471,0.0200724966994876,0.0146382560267045,0.0603960800426934,0.0089065369375973,0.051944634227525,0.143563958179509,0.0481717496327614,0.166823227911809,0.0198856970900691,0.0589395570649831,0.0115447107087591,0.0112960705521716,0.0523751654538469
"Dnig.1LG0000380.1",0.0173355371422643,0.16740475123768,0.0166431934616729,0.0251058140100257,0.0359842213514777,0.0386892074415677,0.0706162275673277,0.101226404558157,0.085055646971213,0.01863751114545,0.0263000143182419,0.014959162782955,0.0209466625876015,0.110566019608404,0.0387174365267667,0.107801004016217,0.0156514532333907,0.0151712657936184,0.0516450845710425,0.021543381674926
"Dnig.1LG0000390.1",0.0143423723950443,0.143672763600981,0.0189634140364024,0.0248688297941053,0.024320884315398,0.0282911702963379,0.0863361815759009,0.126307234631604,0.0835026292643517,0.0189204340418119,0.0201263645856397,0.0207356455959337,0.0273957480051018,0.056856260876407,0.0421763403221351,0.1684332226971,0.0198238663752328,0.01364462162149,0.0426102412572637,0.0186717747117581
"Dnig.1LG0000400.1",0.0221195773898307,0.0526930285540008,0.0275960219119641,0.0306570998598646,0.0292875831832805,0.22332932405328,0.0601919962478024,0.0803019701962999,0.0645439310339273,0.0268526011632512,0.0477910142518304,0.0313724095545437,0.0356781336767782,0.0354309361723366,0.0366626079077398,0.0386286571932845,0.028824170892465,0.0216979952067495,0.0799853184679364,0.0263556230828349
"Dnig.1LG0000450.1",0.00908883490890506,0.0350616499243088,0.0333879271347911,0.0896895198389429,0.187142392276453,0.016545929381943,0.0834436503307035,0.0245382937352438,0.0172195988957574,0.0446754948880325,0.0106826178087254,0.0231159294186547,0.0497527656389822,0.0999754995817469,0.14095369713008,0.0197598876934625,0.0275466492286277,0.0111184565101718,0.0139106121683469,0.0623905935061208
"Dnig.1LG0000460.1",0.00112864394174902,0.00140375831200456,0.611588768581971,0.0142497191248621,0.00558837286671506,0.00112988305283537,0.002427394093023,0.0012289113740815,0.0010233211539452,0.0574641908514994,0.000973625265290689,0.037105091902783,0.0260472499445998,0.00223532374110501,0.00488092935426446,0.00115898136217529,0.210241577195101,0.00196257042190619,0.000937677797513014,0.0172240096625754
"Dnig.1LG0000470.1",0.00229337040525741,0.0029668185854733,0.452703194507551,0.0323101869844127,0.0125125902714972,0.0025460609164773,0.00530310834081232,0.0026337130443883,0.00216684816665575,0.131408552920536,0.00208391936265703,0.058356819743176,0.0578557926770271,0.00468739785719515,0.0104454540030029,0.00236497497283327,0.170121313779102,0.00389760680781424,0.00201562232600457,0.0413266543281264
"Dnig.1LG0000530.1",0.00242031296553435,0.00268830730817155,0.263167885671413,0.01992337655469,0.00922812832601755,0.00244504973902936,0.00450983573950409,0.00244204788725666,0.00206074170347528,0.0622947727656914,0.00210150075738968,0.116498344641183,0.0365634502679752,0.00400005169378365,0.00803730886124911,0.00223728190903822,0.427784440841754,0.00434081595641281,0.00194861957792565,0.0253077268325057
"Dnig.1LG0000540.1",0.010075807001518,0.0546417483699262,0.0202053435318081,0.0407081013443376,0.0767012272431066,0.0133891399174967,0.0660784919770047,0.0284416015645963,0.0214920206156447,0.0248876459672386,0.0107538643070613,0.0156192567278011,0.0267510685329459,0.402493043592118,0.0763489032178569,0.0360723154201883,0.0177886179951314,0.0111388003501578,0.0148638878024971,0.0315491145215649
"Dnig.1LG0000550.1",0.0028609985535551,0.00527717629468143,0.0480481849761614,0.254113305194645,0.0758189792075875,0.00352008591679065,0.0105687241188564,0.00421130080630704,0.00330882755720362,0.120710018559096,0.00273629694679702,0.0176425951951608,0.0519541001722539,0.0111620595796276,0.0307353025826766,0.00382585346428508,0.0278553271209926,0.00433030620553976,0.00290018570765626,0.318420371840126
"Dnig.1LG0000560.1",0.00158333891418184,0.00182172011818792,0.61145496962804,0.0173101900322867,0.00747643615629153,0.0015212054079246,0.00306808192947722,0.00160284580965774,0.00135040644974211,0.0832856169955993,0.00133448889830709,0.0411302491300551,0.0259617926030304,0.00289821356035184,0.00597819790867306,0.00151733184345186,0.16148922751514,0.00284083377469773,0.00125152333033922,0.0251233299945653
"Dnig.1LG0000580.1",0.00561609580751553,0.196222975640417,0.00718712780424523,0.0102526873284484,0.0112686192299267,0.0223831961568417,0.0614880684020048,0.428065243056806,0.0697775667346121,0.0074964349220928,0.00998394474537311,0.00732002077891405,0.0103845325455819,0.0296615416054024,0.0180415828554662,0.0542151026102899,0.00719925296648657,0.00516799850871721,0.0304243476272696,0.00784366067358914
"Dnig.1LG0000620.1",0.0194234407870662,0.0666515342364239,0.01876454296394,0.0237495408018542,0.0270879151805626,0.221872364229365,0.0560763846671885,0.101087251346371,0.0847729352903676,0.0195864019126147,0.0452334063783541,0.0188496634998361,0.023564217047336,0.0400832193274503,0.0307151671920553,0.045021944635883,0.0185037506092827,0.0172246095393065,0.100845040306717,0.0208866700480255
"Dnig.1LG0000630.1",0.00215584687481314,0.00337418104077075,0.135522134007398,0.0907878920158948,0.0223388062758207,0.00252032777860003,0.00648166279285852,0.00284056582062191,0.0022747720652116,0.427598940354875,0.00200654392729834,0.0259413063419842,0.0760459073128335,0.00607779046368423,0.0158877738759649,0.00256966155253639,0.0530749504052527,0.00346048312047668,0.00204495374260049,0.116995500230504
"Dnig.1LG0000640.1",0.00504874655853789,0.00617186733358113,0.177328782580049,0.0745109137822941,0.0356457443096374,0.00446063344484643,0.0101986849953193,0.00512371587982317,0.00432804992114843,0.282034312263342,0.00406221357019516,0.0455127034838458,0.0580443633034134,0.0111942656239369,0.0224833359155014,0.00517587503264315,0.0885085526494173,0.00886454652661518,0.0038785607899969,0.147424132035856
"Dnig.1LG0000650.1",0.0271325591439132,0.0254522566052645,0.0102024760820428,0.0106930705268397,0.0111766815122145,0.230875140603282,0.018410382909873,0.0418624282938895,0.0677822801465295,0.00996926473651519,0.187183168924354,0.0115115086996509,0.0115382257286772,0.0151641811647674,0.0123105444250655,0.0304997218852806,0.0106317713955896,0.0172717420884092,0.24035366823176,0.00997892689608166
"Dnig.1LG0000700.1",0.00774310864273883,0.119552437031941,0.00698454021058967,0.00946942234288587,0.0111108242915897,0.0362695615307948,0.0347774250992589,0.33676309415192,0.194238877648998,0.00733432872632815,0.0158658500659438,0.00701534706855184,0.0092084039161799,0.0265148873783287,0.0145765233424914,0.0739965824936262,0.0069274355571298,0.00645224574666111,0.067370425320355,0.00782867943368779
"Dnig.1LG0000720.1",0.00616837367935675,0.19355294035594,0.0115939211937078,0.0195228905766753,0.0221105490083268,0.0174724795044617,0.342109767315533,0.0848263348174292,0.0339501699054771,0.0125880860681144,0.00918177910253672,0.0109871831152956,0.0184570184151342,0.0797125724098136,0.0451492259365591,0.0421825914868546,0.0112666416069607,0.00626465120662679,0.019347134879788,0.0135556894154082
"Dnig.1LG0000730.1",0.00578622392393516,0.0514317304463513,0.00452375079289975,0.00589250876640305,0.00669289044018463,0.0102990923060249,0.0162989939183021,0.0456099928871537,0.0569591145133883,0.00467797159371807,0.00871020864313974,0.00463131224407865,0.00578547797305392,0.016930972064684,0.00893287608260701,0.711261479968845,0.00455665638169128,0.00468705342346394,0.0214485002415744,0.00488319338850065
"Dnig.1LG0000750.1",0.0169841499896295,0.0347480146967188,0.00966757077294277,0.0112961174686588,0.0127263708628437,0.344839254031266,0.023207260072543,0.0597759988469128,0.0847067349800257,0.0098655465086542,0.0608200010093673,0.0101005443966893,0.0114212006800182,0.0190815903613912,0.0139048081988609,0.0333431466663348,0.00971566410367917,0.0125250878894803,0.210943365441507,0.0103275730224767
"Dnig.1LG0000760.1",0.00301059480381495,0.00443395405277864,0.285685412052059,0.0612732989758586,0.0192835957929803,0.00314513147217477,0.00806987610384552,0.00374519300462465,0.00304936880792729,0.157360498649928,0.00265993141299987,0.0642029581393161,0.11998158733537,0.00750873369707921,0.018666963563792,0.00358962098905319,0.172953381568007,0.00494522539718331,0.00270101447530947,0.0537336597058994
"Dnig.1LG0000770.1",0.034805015326387,0.0218977962016188,0.0930812189004687,0.0504135879612382,0.0378828108883,0.0356604823758256,0.0299466322358288,0.0232232337548542,0.0214952388571137,0.0719279307820083,0.0324294139150822,0.142225583551935,0.0693513443624264,0.0247831349949212,0.0349666428986485,0.0196562997670682,0.111288073849274,0.0637412263508822,0.0238140537713996,0.0574102792547191
"Dnig.1LG0000780.1",0.0061510868657393,0.0541413028422824,0.00483090497103944,0.00631365543018083,0.00720131183204886,0.0106745565197126,0.0173211003961142,0.0460019445942655,0.0562408584219633,0.00500482169668736,0.00911759992131165,0.00492741311457797,0.0061710127697913,0.018383811962665,0.00958239645123883,0.701004543015677,0.00485834532151772,0.00499722679547734,0.021842061002586,0.00523404607512346
"Dnig.1LG0000790.1",0.00232053841033971,0.00284958624501289,0.0439400757660906,0.0132014899234028,0.00649678021955798,0.0025371189567956,0.00477775489846642,0.00267059652721335,0.00223083358102673,0.0211586095959822,0.00213235504129956,0.707424051899218,0.0342942634427158,0.00378586389152999,0.00758467881412189,0.00242189110436971,0.122379772796163,0.00384805425804497,0.00208310536958657,0.0118625792590622
"Dnig.1LG0000820.1",0.00296861537443433,0.0077313557573864,0.00154413608959535,0.00179720545838624,0.00197063786670341,0.0200103122319013,0.00407753883690978,0.0164701652797302,0.0512352768064777,0.00155356603268813,0.00993228183901015,0.00166384034142787,0.00186203268006449,0.00335374219351495,0.00232491845003128,0.0104087489089334,0.00157938228891201,0.00205986340312461,0.855860493405779,0.00159588675498956
"Dnig.1LG0000830.1",0.170663438575352,0.0397341168258343,0.0225668038171738,0.0223727364761052,0.0236469912915696,0.0527832596487575,0.0293131339107437,0.0458596628328416,0.066527133149958,0.0219898411809005,0.144885429051893,0.0250212231048112,0.023287343762123,0.0306206836019533,0.024113928957427,0.0639888844348326,0.0234988221139941,0.0684260697887453,0.0787836942100138,0.0219168032649703
"Dnig.1LG0000840.1",0.0139901232651522,0.0102785920491369,0.167657916484545,0.0453934345226976,0.0292740372452524,0.0109569163738693,0.0151219490410313,0.00967405926137381,0.00867442471038097,0.103184112304481,0.0106251128723088,0.173080437748328,0.0598945720438388,0.0142959702331461,0.0230042680154727,0.00916190121107094,0.191265548663623,0.0301583306511776,0.00862465530468274,0.0656836379984301
"Dnig.1LG0000860.1",0.005360327935677,0.0722935025511938,0.0140030673615747,0.0274325367254082,0.0295054229118226,0.0109693045664097,0.436247121664341,0.0345640768775453,0.0187675518881851,0.0155814957606076,0.00686896669154768,0.0125965761060521,0.02471377437197,0.11920389789098,0.095784870626527,0.0282249505591475,0.0133837762212986,0.00588292029685303,0.0118156960188924,0.0168001629739677
"Dnig.1LG0000930.1",0.000643428935196847,0.000865496802129127,0.0524206493403137,0.0162017570005922,0.00572076510762387,0.000656509061078904,0.00153393115616489,0.000728116128085496,0.000600603717910776,0.832884281245493,0.000558062251111161,0.00714366387104284,0.0121800458476097,0.00156042426989634,0.00351811592498249,0.000689615234051107,0.0157489268526377,0.00109119842196391,0.000543861208996743,0.0447105476231196
"Dnig.1LG0001020.1",0.00871596206465947,0.0387549364195119,0.0439463374407433,0.0777246687142536,0.0484915666298564,0.0172269709663087,0.138148114939557,0.0312147539302721,0.0199308582992985,0.0443014743068955,0.0106627924753293,0.0438441976393568,0.116018961993307,0.0523119633421619,0.173982099747578,0.0231801083748628,0.0450146349009332,0.01074536550877,0.0153672351449974,0.040416997161348
"Dnig.1LG0001030.1",0.00134660475620898,0.00182681371399542,0.0683032321391924,0.0357725107644622,0.0135646632385676,0.00138834164676523,0.00323991390334241,0.00153013543460966,0.00126116080641199,0.638564552302275,0.0011738544302853,0.0125237681858013,0.0221766448938822,0.0033599298278686,0.00746445885163443,0.00144328298730011,0.025075079802507,0.00226877686044104,0.00114337294071434,0.156572902513734
"Dnig.1LG0001040.1",0.0190941465434208,0.0701215133281009,0.0261182477977677,0.0300407185758365,0.0275907738500635,0.129453103347081,0.0780969969028229,0.12207248034459,0.0831948366653061,0.0250929221473585,0.0383251806640754,0.0308436840005826,0.0366364222192226,0.0388436863948418,0.0402679805770634,0.0498303930126076,0.0278857796728039,0.0186067137676375,0.0837480289470189,0.0241363912417982
"Dnig.1LG0001080.1",0.00329368113623385,0.00400022562103364,0.181559401323718,0.0510106132629575,0.0237087480047727,0.00335872556425005,0.00687969305226731,0.00345654941698311,0.00288699032532191,0.391240121249659,0.00285420038122447,0.0339811986226436,0.0433593802141059,0.00686504786390322,0.0140665142929397,0.00320103075381025,0.0680050599636353,0.00574562724023092,0.00268449212936363,0.147842699580947
"Dnig.1LG0001150.1",0.0152665454535204,0.016794567400486,0.109604860988108,0.0856531148240864,0.0706727619554767,0.0184326142129458,0.0271117248985462,0.0154166083156208,0.0130862418121362,0.130058790740629,0.014585645130248,0.0660254149275198,0.074854847458141,0.025853537431619,0.0417599419394629,0.0130991444543721,0.0834990582638916,0.0252138824873274,0.0129990500312418,0.140011647274621
"Dnig.1LG0001190.1",0.0192513053148174,0.0657554565821563,0.0361874289357495,0.0497093832070599,0.053382936805049,0.0885737623453715,0.101241589889191,0.0729932324204232,0.05047804483156,0.0386006243678238,0.0323417677152348,0.0345074202032289,0.0494789061930261,0.0600566095659805,0.0630725573042836,0.0383512369771501,0.0348329913482882,0.0206513186778172,0.0491345613692228,0.0413988659465664
"Dnig.1LG0001200.1",0.00943606256102826,0.150935053170349,0.0165332949589053,0.0287584688975823,0.0363763895734901,0.0155279522246504,0.119766476298652,0.053949631465409,0.0345900352466921,0.0184861461397815,0.0114550213919191,0.0147927143527797,0.0242390561032136,0.254591802590262,0.0652125285601892,0.0796714309259285,0.0157167600991695,0.00968515380891743,0.0197387654091636,0.0205372562219175
"Dnig.1LG0001210.1",0.00997328829818568,0.0178984462347229,0.100832433627194,0.10040603581431,0.0554610988050497,0.0171014992930246,0.0363314786711712,0.0165914452121167,0.0127758451355038,0.0999481039472843,0.0112009328295255,0.0793176454640545,0.144782028810853,0.0258649400435789,0.0575291005747755,0.0126755314748906,0.0912004419291049,0.0144297523782398,0.0120428233769645,0.08363712807945
"Dnig.1LG0001220.1",0.00237785629683578,0.00377394478448811,0.198767356036666,0.0954326802283137,0.0216673916821273,0.00261434605165712,0.00716765920695182,0.00313119251514789,0.00251462311494329,0.315043373763702,0.0021510506606156,0.0348386473304857,0.115730614080837,0.0068234319690746,0.0185343038225718,0.00295107690821316,0.0804144770649698,0.00382590792151516,0.00221678845293767,0.0800232781079471
"Dnig.1LG0001230.1",0.0193931647642827,0.0518280461925552,0.021360016342242,0.0246008411996812,0.0246396414508864,0.283310209580044,0.0529387743605201,0.0846210590821842,0.0690809249416517,0.0211669975782695,0.0453043172930046,0.0235378989793639,0.0274200589914379,0.0321430216719631,0.0304023859424844,0.0376658377448902,0.0219961637891977,0.018129012306326,0.0892324409287178,0.0212291868602972
"Dnig.1LG0001260.1",0.00737226519858563,0.18483085208304,0.0123585835931154,0.0220377697845774,0.0302548801177894,0.0142386590734825,0.122489009609005,0.0529152424168827,0.0310586152757327,0.0140344772458386,0.00960244299039675,0.0108709190413396,0.0179799298648568,0.307400391037557,0.0499310726116187,0.0600321762266926,0.0115946800028964,0.00742602819919641,0.0175355894005347,0.0160364162268624
"Dnig.1LG0001270.1",0.00271094594703914,0.00344123706048395,0.3628199045829,0.0345024435112498,0.0135780881913071,0.00262721678717361,0.00590835027531715,0.00297104949527195,0.00247639833998523,0.111619664773563,0.00230171688213405,0.0730477377835402,0.0596106782759198,0.00557205168209196,0.0122098261772592,0.00287332307618468,0.256100476360164,0.00468230600407252,0.00223869843535893,0.0387078863589836
"Dnig.1LG0001280.1",0.0130147183539179,0.0911652215116932,0.0106280048448598,0.0130835111004487,0.0136697018577695,0.028382413557439,0.0369752806392536,0.133122566320409,0.166787517125283,0.0106288749866916,0.0216650962693776,0.0116035866345221,0.0138969838641217,0.0295604385419189,0.0194342424830384,0.291495525992635,0.0110307801282886,0.0106710474784282,0.0624979293027873,0.010686559007117
"Dnig.1LG0001300.1",0.00403095456081324,0.0784824613659084,0.00412267859546158,0.00557701254709421,0.00622871564443879,0.0193936985778072,0.0237218657183578,0.632339441050273,0.0954666271404701,0.00427359970135543,0.0080214167953087,0.0042426845321337,0.00563408701919272,0.0147559540755477,0.00889817914695854,0.0399317401994626,0.00414106283928408,0.00348304979440676,0.0327794692027288,0.004475301492997
"Dnig.1LG0001310.1",0.562863924329681,0.0107071779019317,0.0129619763464182,0.0111905924397954,0.0118207755785525,0.0191986479745819,0.0101277336663246,0.0115154529236992,0.013566839052772,0.012593366905683,0.0494668980621897,0.0137658377391326,0.0113422197411595,0.010805272514327,0.00991604702227606,0.0124427805944781,0.0131760762967033,0.173015971347455,0.016900555129307,0.0126218544335317
"Dnig.1LG0001330.1",0.789060055307378,0.00636476017982793,0.00616947510022852,0.00553980964753443,0.00585239993583086,0.0123978168261516,0.00564997773720437,0.00712716375730997,0.00890704571055119,0.00598137493036063,0.0440842152234274,0.00671186229969249,0.00569560219890112,0.00590101641423682,0.00519958911998768,0.00782609391099747,0.00634027668414908,0.0474889986047266,0.0117238477973525,0.00597861861415194
"Dnig.1LG0001350.1",0.00702415566766474,0.011563309693574,0.0605182819280773,0.145370489799334,0.166774779495708,0.00671770742288673,0.019508526380509,0.00873064732068313,0.00718994787702947,0.111643905157936,0.0059431667416354,0.0275849668464724,0.0528975628008379,0.0276291621230432,0.0519479349900682,0.0091899909980749,0.0404278836308139,0.0108010893292988,0.00611513920243236,0.222421352593921
"Dnig.1LG0001360.1",0.00460926370127709,0.00706276320258569,0.0787998924202515,0.14326237704646,0.0712665581594265,0.00445890667349866,0.0123341449108874,0.00555015665479944,0.0045614833935672,0.184047407429551,0.00390398811212193,0.0273747701679137,0.0552011383962109,0.0149650936072572,0.0330069842394705,0.00564448090408657,0.0453697750354393,0.00741214609126756,0.00395250322673282,0.287216166627195
"Dnig.1LG0001380.1",0.00110272979585635,0.00135023924336083,0.0642009017721341,0.0090432777724715,0.00398135213682827,0.00116314798747574,0.00231476751506828,0.00122783435145083,0.0010229445160563,0.0197950785818325,0.000984400110229978,0.194700205092837,0.0230929987848347,0.00195097092570551,0.00411476702521773,0.00112633451757863,0.657016337460252,0.00188769948400546,0.00095039433228464,0.00897361859451947
"Dnig.1LG0001400.1",0.0217829678455409,0.0893782570645407,0.0154167255588439,0.0194383942572242,0.0220206225084974,0.0265144432656771,0.0416452408619266,0.0735377206397115,0.0899822007132851,0.0159010346706433,0.0272358307808577,0.0157138034017739,0.0189074588564302,0.0494851393190669,0.0276496811232076,0.347087494758085,0.0155311182016365,0.0175851589047203,0.0486452857398149,0.0165414215285162
"Dnig.1LG0001460.1",0.00281182315718865,0.0102448312130863,0.0196577892265308,0.0957718624422653,0.0589209324297329,0.00422475039631329,0.0303910483685284,0.0070868632894863,0.00496235430784233,0.0261709681735297,0.00300875727017639,0.0128946507507766,0.0467018614712874,0.0281532617232684,0.588438810441496,0.00640277483026064,0.0162688612582841,0.00368093413445353,0.00386124490267422,0.0303456202128189
"Dnig.1LG0001470.1",0.0663203849229558,0.0120302242600186,0.0307824586729816,0.0214513189873294,0.0206807199083981,0.016038058045512,0.0134656670283577,0.0119149446346686,0.0123991800123648,0.0286936516488927,0.0241863745923444,0.0318580924427583,0.0220702957553369,0.0145093654480645,0.0158465385533706,0.0126815975554577,0.0312158862056115,0.573055609746223,0.0135499899576199,0.0272496416217334
"Dnig.1LG0001480.1",0.0145921991814571,0.0634358478286523,0.0451049680272579,0.0609761347059066,0.0452850278167292,0.0226853512052043,0.114914039527413,0.0499023992038109,0.0346415850805452,0.0431447925628717,0.0167255846276535,0.0510760869888153,0.0818874648305465,0.0677747088465732,0.108566379167681,0.0495755234193132,0.0490572976879369,0.0171319456799296,0.0246208152659979,0.0389018483457046
"Dnig.1LG0001490.1",0.00777355045241082,0.0091662702266495,0.178243373239353,0.072986370247377,0.0404740868190212,0.00896924435603255,0.0157423990743318,0.00830280723952956,0.00692573411781666,0.179601953835473,0.00720455433100859,0.0764986737491668,0.0804472941957717,0.0142973610341758,0.0276366829687951,0.00721298426914282,0.116625217328278,0.0132854322391226,0.00667173700301321,0.12193427327353
"Dnig.1LG0001500.1",0.00776821159229493,0.0129071432902324,0.0653728455599565,0.130318085219624,0.142588283969732,0.0100133728385432,0.023705711536917,0.0106426959910141,0.00853428724358233,0.113200361505095,0.00762646780729555,0.0316649834558654,0.061157368554237,0.0256359819076485,0.0490594635849444,0.00930954538815643,0.0439377006279519,0.0116163671355432,0.00777534020028894,0.227165782591078
"Dnig.1LG0001510.1",0.0153384102663993,0.0752513534492057,0.0369153361001563,0.045793563768523,0.0362523081024457,0.0438131157438262,0.140560512871369,0.0860225592180504,0.0514126501857125,0.0347368895118454,0.0226918000621134,0.0451052906192811,0.0640656796156059,0.0519361032878843,0.0725826533986279,0.0485696751778565,0.04057732676953,0.0168308767777917,0.0397344324755661,0.0318094625982092
"Dnig.1LG0001540.1",0.00852528828322801,0.00842478861849009,0.0766072617007119,0.0281596708173871,0.0162345553716868,0.00837267636810348,0.0128825294933732,0.00819171037208579,0.00712061779469147,0.0433311569349136,0.0074984269041695,0.480761392346505,0.0560534649444223,0.0104158958769864,0.0181236435981122,0.00755550632859242,0.152734492472286,0.0147732085916513,0.006867932018574,0.0273657811640296
"Dnig.1LG0001550.1",0.00815490480460524,0.341822486437355,0.010328658821675,0.0160755451281775,0.0201064588194808,0.0157456318370048,0.0704042540145698,0.0799639111370961,0.0493790644179029,0.011257065240847,0.0111605199344839,0.00969563060874982,0.0143312946375517,0.0974826467364006,0.0305019400852795,0.16045106066617,0.00999846986725904,0.00762033560697047,0.0231790549285452,0.0123410662698752
"Dnig.1LG0001560.1",0.00755793488047759,0.129903603882515,0.0167169200170318,0.0297688551859711,0.0320762649730939,0.0147852848045626,0.276065179949061,0.054498307118938,0.0295437785546019,0.0182160017254802,0.00968446267924334,0.0155803612879092,0.0277532079799043,0.141519034469541,0.0833172064291918,0.0520171518671379,0.0162564082837405,0.00804050935394976,0.0173546671498743,0.0193448594077759
"Dnig.1LG0001570.1",0.0120667848274309,0.030479060267958,0.070427466139011,0.0701130405140448,0.0391856098811846,0.020605670212549,0.0636606313284805,0.0287047978759022,0.0209233966341078,0.0577248443964191,0.0139769295443978,0.106104029891307,0.163770548487154,0.0347586342448501,0.0784366816937249,0.0228042457379087,0.0881540203793903,0.0158284674421822,0.0177485013491847,0.0445266391528127
"Dnig.1LG0001580.1",0.0203413906582349,0.0352183250962627,0.0451562079737969,0.0796099632266549,0.188375445513801,0.0182245439891415,0.0448799799817378,0.0248762986159946,0.0216106575386393,0.060883073313984,0.0172176603952516,0.0301399779215474,0.0454399815421109,0.0951660934566561,0.0723034362285871,0.0292869661235088,0.0366822891692781,0.026454260533686,0.017913961226599,0.0902194874945276
"Dnig.1LG0001590.1",0.0248209453094221,0.0573232046610803,0.05359613106707,0.0603726562019353,0.0496515538990084,0.0250482852713681,0.0690777064739315,0.0462381407320391,0.0392655662033126,0.0507733599274919,0.0234571286913075,0.0602439043356064,0.0714026456578127,0.0657822485165121,0.0773060004941106,0.062403242830021,0.0582025433000991,0.0296171510657794,0.0293240719041174,0.0460935134579745
"Dnig.1LG0001620.1",0.00537721837825403,0.0738064868697346,0.0133010648370208,0.0276466649919955,0.0354261401574107,0.0110025652092102,0.322653733425127,0.0325136634759094,0.01821490411731,0.0153818025651247,0.00688357795780524,0.0113352866073001,0.0220971690977469,0.236338726505598,0.0937805825950696,0.0268599315743699,0.0123237372779813,0.00586408609784143,0.0116380174727191,0.0175546407864713
"Dnig.1LG0001630.1",0.439151151235941,0.0219323262187632,0.0167662688803834,0.0158173123188147,0.0168069308121926,0.0333910624506727,0.017854061231568,0.0243863881397512,0.0324276188042461,0.0163272715489225,0.108380648546078,0.0183220516614408,0.0162459516992743,0.0191172459225129,0.0158276696556851,0.0306970086492496,0.0173211501417561,0.0829457370674964,0.0399580461024493,0.0163240989128017
"Dnig.1LG0001650.1",0.00367055251555976,0.00706077327372596,0.0859434397504992,0.069486192865272,0.0229346254993127,0.00527327454437812,0.0151399875633805,0.00620366064817055,0.0047412101282662,0.0670670804297033,0.00380796055402609,0.0675193373041634,0.45450674364709,0.0108456951336452,0.0321042813284804,0.00518516422657824,0.0887765318897228,0.00544505501012045,0.00421424491096467,0.0400741887769403
"Dnig.1LG0001660.1",0.00624800690469078,0.0420092023205449,0.0194440024977814,0.0505777632564753,0.0868785428391994,0.0110972644205681,0.127532019318404,0.0232918488653047,0.0151035182914244,0.0244328498754952,0.00738462925895691,0.0146823126632704,0.0316780492923334,0.266797716273247,0.186473424064238,0.0205862890987726,0.0169250254688577,0.00725021121000905,0.0107874879722164,0.0308198361082105
"Dnig.1LG0001690.1",0.0145726137901374,0.0242155534162139,0.0865122184258854,0.0628635336524115,0.0376326395279557,0.0269606818118899,0.0438935300447009,0.0250583080424519,0.0196413065265289,0.066485217253866,0.0173729904449511,0.148087913326578,0.129551616538435,0.027081211460471,0.0512531723213577,0.0185555958774499,0.110748141955967,0.0203143227956758,0.0190441696782456,0.050155263108827
"Dnig.1LG0001700.1",0.0211631901745456,0.0165240751609239,0.100913166149131,0.0770718240262471,0.0808515049331731,0.0154555175423708,0.0233022444865695,0.0143773935538393,0.0129729269689912,0.132238475812281,0.0153690351721866,0.0555388760773178,0.0559819610653232,0.0278429255144661,0.0377599373873112,0.0143152637918374,0.073685931426074,0.0416146251993279,0.0125570804148215,0.170464045143262
"Dnig.1LG0001830.1",0.022000047461785,0.0164473511092512,0.107178785034052,0.0760201747142086,0.0750114575584679,0.0142241643107159,0.0227307880916839,0.0141056110512227,0.0128398485587841,0.133992988473224,0.0148327341664302,0.0597037565354251,0.0568895306278871,0.0279418483026637,0.0377966817637093,0.0147876136080235,0.0799928768309204,0.0453961947360308,0.0121843570873261,0.155923189978189
"Dnig.1LG0001850.1",0.0256669092122149,0.0841089289136507,0.0320568141981802,0.0468010325520796,0.0602432522895252,0.0242604074177452,0.0679342911435606,0.0516298216639952,0.046744110833239,0.0355868946244206,0.0241087015739113,0.0283073078122067,0.0386755299505838,0.136711876101213,0.0672147191554906,0.102109101654723,0.0303449282177348,0.0263424031571602,0.031574662364548,0.0395783071638175
"Dnig.1LG0001860.1",0.00844131728025618,0.0107837007724545,0.163926200358341,0.0741828878444643,0.0392716561008616,0.0109277944851188,0.0191433880709724,0.00998415839862995,0.00819496983448884,0.137560378099817,0.00830672049586352,0.100648472676539,0.104555301875251,0.0159372248441194,0.0319743844463902,0.00834073680223143,0.134411343049702,0.0138249503832249,0.00792483500049558,0.0916595791807788
"Dnig.1LG0001880.1",0.00813332109168325,0.049151059476604,0.0294183502376106,0.0608666589089887,0.0571978396033943,0.0199764352354704,0.247550652433058,0.0370248126384235,0.0218686353473969,0.0331688063785188,0.0108287056392114,0.025511632800288,0.05739974596244,0.0739658900346985,0.154931459763289,0.0235771944783579,0.0274879908297452,0.00950721677615777,0.0167184051599003,0.0357151872047631
"Dnig.1LG0001890.1",0.00268483072541928,0.00418079866330586,0.262263930834549,0.0732220951292884,0.0196887704877911,0.0029369953581462,0.00786329391786267,0.00351395622134177,0.0028291710573874,0.183885574149452,0.00242693609262357,0.0523696381408026,0.153840537600032,0.00721499548250934,0.0191397485864764,0.00331276078006273,0.134044946273,0.00433622365762676,0.00249904471989028,0.0577457521224319
"Dnig.1LG0001920.1",0.00360734983943946,0.00457634688031952,0.124348738635549,0.0285520429105762,0.0127512067583021,0.00362747577881583,0.00775005137885884,0.00408881750882813,0.00341063298665561,0.0525089931536266,0.00315126068695571,0.265300861707086,0.0700645795091505,0.00667152070844736,0.0140797813119249,0.00389659902361599,0.356388896227965,0.00608479942779516,0.00309969114139014,0.0260403544246975
"Dnig.1LG0001930.1",0.00274056541262617,0.00515025515491095,0.0757675758491488,0.343976908940861,0.0412967947048313,0.00314951104603601,0.01037845866302,0.00407538294551837,0.00320006602632348,0.158092586561682,0.00254010127771724,0.0248813847704722,0.11032118504864,0.0104985404692054,0.0342649119756066,0.00388458229565216,0.043672430877922,0.00419240518779478,0.00273690983968177,0.11517944295235
"Dnig.1LG0001940.1",0.0090714328557797,0.0420517688952519,0.036107840708505,0.0782931395217739,0.0683789940375276,0.0123709592553911,0.0945095830549016,0.0261605433901917,0.018388274651038,0.0410640931083984,0.00952523624422859,0.0297926467301492,0.0658103848023288,0.105532490357237,0.233363725223311,0.0288286246527511,0.0337561505928149,0.0111245736340101,0.013060550249238,0.0428089880351723
"Dnig.1LG0001970.1",0.00742216356735629,0.0702885323437631,0.0217508830789245,0.0384445397509053,0.0337631607800544,0.0158712028135232,0.354153904443446,0.0454480869439985,0.0248840035722573,0.0228894608415774,0.00964222929064716,0.0212722180818634,0.0419627255565762,0.0754113852104119,0.113924250449268,0.0334541225124444,0.0217456215043425,0.0083130172684875,0.016424939164287,0.0229335528258669
"Dnig.1LG0001980.1",0.0112665780236755,0.0173192148272299,0.0534270356129879,0.100585527459481,0.231970880036278,0.0125849424657318,0.0279337512535662,0.0137540154958253,0.0114241306025741,0.08587153984572,0.0103973395468702,0.0289621524849487,0.0478463482868654,0.037860139009798,0.0525878232800955,0.0129671974250591,0.0382677498054917,0.0165629983736103,0.0103062722276404,0.178104363936551
"Dnig.1LG0002000.1",0.00574651242542793,0.0172157086671795,0.0555108695739332,0.138815850131923,0.0541669547472322,0.00975301543426926,0.0494513315581743,0.0139377585416877,0.00977448637599819,0.0611699136920067,0.00645725986134478,0.0422778758064041,0.227159798894308,0.0297914477480484,0.147151998572659,0.0111077056894321,0.0506010676131848,0.00772778458862146,0.00810573549049627,0.0540769245876691
